1 3.25
3 2.4166666666666665
10 4.090909090909091
11 5.0
13 2.3333333333333335
16 6.0
17 0.0
20 2.6
23 2.0
24 0.33333333333333337
27 2.1666666666666665
32 6.833333333333334
34 1.4285714285714286
36 8.5
37 2.2
40 3.6666666666666665
42 2.0
43 10.222222222222221
46 2.25
50 3.6
53 5.333333333333333
54 5.444444444444445
55 1.5
59 9.0
60 8.583333333333332
61 4.0
62 6.0
66 5.0
67 0.25
68 7.333333333333333
70 30.1
73 0.33333333333333337
74 3.0
75 0.7777777777777778
83 1.2
91 6.375
93 3.4
94 1.0
96 6.333333333333333
99 1.5
101 1.4285714285714286
104 3.25
109 6.4
111 2.3333333333333335
114 0.5
117 3.2857142857142856
119 2.666666666666667
128 2.142857142857143
129 1.0
131 3.3
139 1.2
140 10.0
141 8.0
143 0.0
148 5.0
155 0.6666666666666667
158 6.2
159 3.4
161 3.2
162 1.0
164 5.0
167 22.1
171 2.25
177 1.0
178 3.3
183 0.6
185 2.0
187 1.375
189 1.2857142857142856
190 5.444444444444445
194 4.333333333333334
195 15.0
196 3.2857142857142856
197 10.666666666666666
198 1.0
199 9.0
200 7.714285714285714
203 0.0
205 7.333333333333333
211 1.0
214 4.4
216 16.333333333333336
217 3.25
221 4.0
222 7.2
228 7.5
230 5.375
249 6.0
250 0.25
254 3.0
255 2.7142857142857144
259 1.0
260 2.6
264 2.0
268 10.944444444444445
270 1.3333333333333335
276 9.476190476190476
279 0.5714285714285714
288 3.125
289 0.5
292 1.25
296 23.5
297 3.25
302 0.5
305 4.181818181818182
307 2.2857142857142856
308 13.633333333333333
313 0.0
316 5.1
318 1.3333333333333335
325 6.6
329 6.0
330 1.5
331 4.333333333333333
332 0.0
336 4.142857142857142
341 1.1666666666666665
343 12.766666666666666
347 4.0
349 0.5454545454545454
352 5.2
353 5.333333333333333
354 1.7272727272727273
361 1.3333333333333335
362 0.33333333333333337
364 3.2857142857142856
367 7.533333333333333
369 2.0
371 1.4
375 1.2
377 8.708333333333332
379 0.25
380 1.4
381 6.333333333333333
383 3.3333333333333335
384 8.0
386 1.0
395 1.0
397 8.5
398 10.833333333333332
401 1.0
402 0.5
404 9.333333333333334
407 5.0
408 3.5
410 2.3333333333333335
415 6.833333333333333
417 3.2
420 9.2
421 0.25
425 0.5
432 0.6666666666666667
435 31.1
441 4.142857142857142
444 10.0
446 4.333333333333333
449 5.0
454 4.714285714285714
455 2.142857142857143
457 4.6
459 2.25
462 1.0
464 0.4285714285714286
469 12.333333333333334
476 2.4
478 2.1666666666666665
482 5.0
485 4.0
487 0.0
489 0.0
490 1.4444444444444444
497 10.555555555555555
498 0.6
499 0.25
502 2.333333333333333
503 3.111111111111111
505 2.25
506 6.6
510 12.583333333333334
513 3.0
514 1.0
515 4.333333333333333
516 5.2
521 3.25
522 7.428571428571429
527 6.2
530 0.75
533 7.0
536 0.0
537 0.0
539 2.125
540 0.33333333333333337
541 8.583333333333332
544 2.142857142857143
545 7.476190476190476
546 1.0
547 2.0
550 0.5
552 0.33333333333333337
553 0.6
554 0.25
555 5.25
556 1.3333333333333333
560 4.0
561 9.0
562 2.9642857142857144
563 0.0
565 8.5
569 0.625
571 5.2727272727272725
574 5.6
576 2.3333333333333335
582 2.2222222222222223
583 3.5
586 2.0
592 7.125
594 0.0
595 1.2
600 2.1666666666666665
604 3.3333333333333335
606 1.6666666666666667
608 5.428571428571429
611 5.166666666666667
615 2.0
616 12.016666666666666
627 0.0
630 7.125
635 1.0
636 8.333333333333334
637 3.1666666666666665
638 1.0
642 1.4
643 5.6
645 0.0
647 0.7142857142857143
648 1.2
649 0.33333333333333326
650 1.4
652 3.0
654 0.33333333333333337
656 2.666666666666667
658 7.6
662 1.0
664 0.33333333333333337
670 4.285714285714286
672 1.0
673 2.5
676 4.0
678 1.0
680 3.4
682 6.8
687 2.0
690 7.85
691 0.0
696 0.33333333333333337
697 2.5
704 2.1666666666666665
708 0.0
711 2.25
719 1.1666666666666665
721 0.25
725 0.5
726 6.0
732 3.428571428571429
733 0.33333333333333337
734 8.0
735 1.25
737 4.714285714285714
739 10.0
744 3.7142857142857144
746 1.4
747 5.5
752 4.7
754 1.4285714285714286
756 3.3333333333333335
757 11.204545454545455
763 6.0
769 5.142857142857143
774 0.0
775 2.0
776 1.1666666666666665
790 3.3333333333333335
792 6.766666666666667
796 0.5
797 0.6
800 0.25
804 2.0
805 5.3
810 2.0
813 1.4
820 1.3333333333333333
821 4.0
822 2.5
828 1.2
829 2.2
833 1.0
836 0.0
842 5.166666666666667
845 3.25
847 0.7142857142857143
849 1.4
851 1.1428571428571428
853 0.0
854 3.2727272727272725
857 0.5
858 1.25
859 2.25
864 6.6
865 13.166666666666668
869 1.3333333333333335
871 7.476190476190476
884 0.5
887 6.0
888 3.0
890 7.222222222222222
892 0.5
899 0.6666666666666667
906 0.0
907 1.0
908 2.666666666666667
911 6.25
917 5.222222222222222
918 17.583333333333336
919 1.0
920 1.3333333333333335
922 6.5
923 4.25
925 8.753246753246753
926 4.333333333333334
929 0.7
937 2.4
940 4.333333333333333
942 3.4444444444444446
944 12.4
946 1.1666666666666665
950 3.0
955 2.428571428571429
963 0.6666666666666667
969 4.0
971 5.0
972 2.25
974 1.2857142857142856
976 2.25
979 3.25
989 0.5
993 1.6666666666666667
996 1.3333333333333335
997 4.416666666666666
999 0.0
1006 0.33333333333333326
1010 2.0
1013 3.5
1014 0.4285714285714286
1015 2.0
1016 2.3333333333333335
1017 0.0
1018 3.090909090909091
1022 1.0
1028 6.6
1029 11.5
1030 2.0
1031 5.0
1032 9.071428571428571
1033 0.19999999999999996
1034 4.0
1035 1.2857142857142856
1040 1.0
1043 3.5
1048 9.333333333333334
1049 5.666666666666667
1055 7.0
1056 4.0
1062 1.25
1067 3.125
1073 0.5
1076 4.2
1079 4.0
1093 1.25
1103 5.4
1105 10.333333333333332
1107 5.777777777777778
1110 4.6
1111 1.5
1116 0.25
1127 1.0
1129 1.7142857142857144
1136 4.0
1139 10.0
1143 5.75
1145 0.25
1147 0.25
1148 0.25
1149 2.4
1152 4.0
1154 0.33333333333333337
1158 2.0
1160 1.3333333333333335
1162 0.25
1163 3.3
1166 1.7
1167 5.0
1171 0.33333333333333337
1173 0.0
1180 0.19999999999999996
1185 3.2857142857142856
1188 3.333333333333333
1191 2.166666666666667
1194 2.25
1195 4.0
1200 3.2857142857142856
1208 1.2
1210 0.0
1213 9.333333333333334
1216 3.3333333333333335
1219 0.16666666666666663
1227 12.533333333333335
1229 4.6
1230 4.0
1233 0.4
1234 4.0
1235 2.7777777777777777
1236 2.5
1238 2.0
1239 14.733333333333334
1241 2.4
1247 3.0
1249 1.0
1253 1.25
1254 0.8
1255 0.6666666666666667
1257 1.0
1259 6.428571428571429
1262 2.25
1266 1.25
1268 4.0
1269 3.142857142857143
1270 17.4
1271 6.5
1272 1.3333333333333335
1274 1.5
1275 0.25
1277 9.6
1278 2.3333333333333335
1279 3.0
1286 1.0
1292 14.1
1295 0.0
1299 1.0
1300 3.25
1301 1.3333333333333333
1304 5.428571428571429
1307 1.0
1308 4.6
1310 6.0
1311 2.0
1314 3.0
1315 2.0
1319 0.5555555555555556
1321 1.0
1323 4.666666666666667
1325 3.0
1326 11.4
1329 5.25
1330 0.0
1332 1.3333333333333335
1333 3.333333333333333
1338 6.166666666666666
1339 3.0
1341 0.5
1343 2.2222222222222223
1345 13.933333333333334
1346 2.5
1349 1.25
1356 3.0
1358 2.142857142857143
1360 2.2857142857142856
1366 0.33333333333333337
1369 4.2
1370 2.25
1371 1.2
1372 14.25
1374 0.5
1378 4.0
1379 0.16666666666666663
1380 2.0
1383 0.7272727272727273
1388 2.2
1390 1.0
1396 4.214285714285714
1397 4.777777777777778
1401 0.0
1402 1.25
1403 3.0
1404 0.0
1405 1.5
1408 4.090909090909091
1409 4.733333333333333
1411 0.5
1412 5.666666666666667
1414 0.0
1416 2.3333333333333335
1417 0.25
1420 4.444444444444445
1422 1.7142857142857144
1423 2.3333333333333335
1425 0.0
1427 2.25
1429 0.0
1440 0.0
1441 5.333333333333334
1443 4.666666666666667
1444 12.15
1445 3.1666666666666665
1446 3.5
1447 0.4
1448 28.666666666666668
1452 4.5
1459 2.666666666666667
1462 2.375
1468 10.975
1471 3.666666666666667
1475 1.125
1477 3.1666666666666665
1478 6.6
1479 3.5
1480 2.428571428571429
1482 1.1666666666666665
1483 0.7777777777777778
1489 4.25
1490 1.1666666666666665
1491 4.25
1497 3.2
1501 7.0
1502 4.666666666666667
1504 3.0
1507 10.163636363636364
1508 1.25
1511 3.166666666666667
1513 0.0
1517 1.2
1518 2.0
1520 1.4
1522 4.4
1523 4.142857142857142
1529 2.25
1530 0.0
1531 4.6
1532 3.4
1535 0.6
1538 2.2727272727272725
1539 3.0
1544 0.0
1545 1.4
1549 3.3333333333333335
1550 2.0
1556 5.089285714285714
1558 2.142857142857143
1572 5.0
1579 0.0
1582 1.2
1583 2.3333333333333335
1584 4.6
1585 8.0
1586 4.5
1587 2.2857142857142856
1588 8.0
1589 3.333333333333333
1593 7.5
1594 6.0
1596 5.285714285714286
1599 1.2857142857142856
1603 2.25
1604 7.0
1607 17.0
1609 0.0
1614 0.33333333333333337
1616 6.0
1619 9.0
1620 0.625
1621 7.0
1622 2.0
1625 3.125
1630 0.0
1634 0.25
1635 1.5
1636 4.454545454545455
1637 2.6
1638 2.5
1645 5.75
1647 0.33333333333333337
1648 6.166666666666667
1650 6.0
1651 1.8181818181818181
1654 10.0
1655 1.4285714285714286
1656 3.3636363636363638
1658 1.2
1660 1.4285714285714286
1664 3.3333333333333335
1665 5.166666666666667
1668 0.5
1672 5.714285714285714
1673 2.0
1675 1.2857142857142856
1676 13.2
1681 9.666666666666666
1683 1.2857142857142856
1684 10.4
1687 2.2
1688 2.25
1692 3.5
1693 0.19999999999999996
1698 5.333333333333333
1699 5.571428571428571
1707 2.0
1709 0.25
1713 9.2
1716 10.666666666666666
1718 4.5
1723 4.0
1726 4.6
1728 0.0
1730 1.25
1731 1.5
1733 0.6
1737 2.2
1740 2.2857142857142856
1741 8.285714285714285
1744 1.4
1746 9.0
1747 0.6
1749 1.2
1750 2.5555555555555554
1753 2.4
1754 5.0
1755 1.4
1761 5.4
1762 6.6
1764 10.633333333333333
1765 1.0
1768 2.3333333333333335
1774 3.0
1777 8.0
1783 5.0
1786 5.1
1788 5.666666666666667
1790 2.4
1797 5.5
1805 3.25
1806 12.0
1810 2.3333333333333335
1811 2.7142857142857144
1812 4.461538461538462
1815 1.2
1818 12.333333333333332
1819 2.0
1820 5.0
1821 1.3333333333333335
1822 1.0
1826 3.0
1827 4.5
1831 13.5
1832 2.9333333333333336
1835 6.5
1836 1.7142857142857144
1837 2.2222222222222223
1839 7.0
1841 8.0
1843 3.2857142857142856
1844 1.0
1845 6.5
1846 7.333333333333333
1847 0.7777777777777778
1852 8.125
1855 0.0
1861 4.428571428571429
1866 4.142857142857142
1867 1.4
1872 4.583333333333334
1873 4.333333333333334
1876 0.0
1882 0.5
1885 3.4
1887 2.1666666666666665
1888 5.0
1890 4.333333333333333
1894 2.25
1898 1.5
1900 3.142857142857143
1901 0.33333333333333337
1902 3.375
1907 1.4444444444444444
1908 0.33333333333333326
1909 2.2
1910 1.3333333333333333
1913 2.25
1914 2.142857142857143
1915 2.0
1918 0.0
1920 5.285714285714286
1921 3.9333333333333336
1922 0.0
1923 4.666666666666667
1926 5.375
1928 1.2857142857142856
1929 5.166666666666667
1930 5.5
1933 5.333333333333333
1939 0.33333333333333337
1944 2.3333333333333335
1945 4.333333333333333
1948 13.666666666666668
1949 2.3333333333333335
1951 2.0
1971 4.5
1973 1.5
1975 14.555555555555554
1980 0.19999999999999996
1981 3.0
1984 2.3333333333333335
1985 0.0
1991 4.0
1993 4.0
1995 13.833333333333334
1996 10.166666666666666
1998 1.7
2000 1.2
2002 7.0
2005 13.047619047619047
2006 11.166666666666668
2007 4.6
2008 0.6666666666666667
2012 7.0
2014 2.0
2015 1.1666666666666665
2019 1.25
2020 3.333333333333333
2023 2.0
2026 5.25
2027 6.666666666666667
2028 1.4
2029 4.25
2037 5.333333333333333
2044 1.6666666666666667
2046 1.0
2049 3.2857142857142856
2058 2.2
2060 2.375
2065 2.25
2067 2.4545454545454546
2068 0.4
2069 0.6
2074 4.166666666666666
2075 0.33333333333333337
2076 2.666666666666667
2077 8.142857142857142
2086 7.333333333333334
2089 2.5
2090 1.2
2091 1.0
2092 2.4
2095 1.0
2101 3.428571428571429
2107 2.666666666666667
2110 2.5
2111 2.1666666666666665
2113 4.3
2114 1.0
2115 1.3333333333333335
2118 0.0
2120 4.666666666666667
2121 5.125
2123 3.3333333333333335
2126 7.666666666666667
2127 3.4
2130 2.3333333333333335
2132 6.166666666666667
2134 3.5
2136 16.0

Avg. value is: 1.3499018025069431
