1 6.0
3 9.666666666666666
11 10.5
13 7.0
17 3.0
23 3.5
24 1.0
27 6.0
37 3.0
40 0.0
43 8.0
46 3.333333333333333
55 7.5
62 10.0
67 4.0
70 12.0
73 6.0
75 7.0
83 2.25
93 8.0
94 3.5
111 3.0
117 6.5
128 6.333333333333333
129 2.0
139 3.5
140 15.0
141 6.0
143 0.0
148 8.0
155 0.0
157 9.0
158 10.0
162 12.0
167 16.0
171 3.3333333333333335
177 4.0
178 10.0
189 3.25
194 6.0
196 0.0
197 8.0
198 4.333333333333333
199 0.0
203 0.0
211 3.0
222 0.0
228 9.0
254 0.0
255 6.333333333333333
259 2.0
260 10.0
268 11.0
270 1.3333333333333333
276 5.25
279 0.0
289 4.0
292 3.5
296 34.5
302 4.0
305 0.0
308 9.2
313 3.0
316 0.0
325 9.0
329 3.0
336 5.0
341 0.0
347 5.0
352 9.0
353 8.0
361 4.333333333333333
362 3.0
364 18.0
367 14.0
369 7.5
371 3.3333333333333335
375 0.0
377 5.25
379 2.0
380 4.0
395 3.5
408 7.0
410 4.0
415 6.0
417 7.0
421 4.0
432 2.0
435 12.0
441 9.0
444 12.0
449 7.666666666666667
455 7.0
462 3.0
464 14.0
469 0.0
478 4.0
489 1.5
502 0.0
503 10.0
505 4.5
506 15.0
510 11.0
513 6.0
515 0.0
521 6.0
533 9.0
536 3.0
537 0.0
539 0.0
540 4.5
545 14.5
546 2.5
547 4.5
550 4.0
556 3.0
560 7.333333333333333
563 2.0
568 2.0
571 10.0
574 10.0
576 3.0
582 9.0
583 5.0
586 4.0
594 6.0
595 4.0
611 0.0
615 12.0
616 13.0
630 10.5
635 4.0
637 0.0
638 8.0
645 2.0
646 10.0
647 7.0
648 3.333333333333333
649 1.5
652 5.0
654 1.0
656 2.5
664 10.5
670 9.0
672 5.0
673 9.0
678 14.0
687 2.5
696 0.0
697 7.0
708 0.0
719 3.25
721 8.0
725 3.0
732 0.0
735 0.0
737 5.25
739 10.0
747 6.333333333333333
752 6.0
757 14.0
768 5.0
769 9.5
774 0.0
775 6.0
776 3.25
790 6.0
792 6.5
796 2.5
797 10.0
800 2.0
804 0.0
805 0.0
810 16.5
820 3.0
822 4.0
828 6.0
829 10.0
842 4.0
845 5.5
853 6.0
854 9.333333333333334
857 2.5
858 5.333333333333333
859 13.5
869 4.0
871 4.25
887 8.0
888 3.333333333333333
890 0.0
892 2.0
899 3.0
906 3.0
917 10.5
919 3.0
920 4.0
923 3.5
925 11.0
926 8.25
946 3.25
950 5.0
974 7.0
976 5.0
979 12.666666666666666
989 0.0
993 14.25
996 2.0
1006 1.0
1010 4.5
1014 4.333333333333333
1017 3.0
1018 9.333333333333334
1022 2.5
1028 9.0
1030 9.333333333333332
1031 11.166666666666666
1032 38.5
1035 4.0
1040 4.5
1048 12.0
1056 9.0
1062 3.333333333333333
1067 5.25
1073 5.0
1105 7.333333333333333
1116 2.5
1127 3.0
1129 8.0
1136 5.5
1139 14.0
1145 8.0
1148 0.0
1149 7.0
1158 3.5
1166 12.333333333333332
1167 8.0
1173 3.0
1179 18.0
1185 6.333333333333333
1188 12.0
1191 7.0
1216 3.3333333333333335
1219 3.3333333333333335
1233 3.0
1234 9.0
1235 11.0
1236 2.0
1247 7.0
1249 8.0
1253 5.0
1254 18.0
1255 4.0
1257 3.333333333333333
1262 3.5
1266 5.0
1272 5.0
1275 2.0
1278 5.0
1279 8.333333333333334
1292 13.0
1295 2.0
1299 4.0
1300 8.0
1301 8.0
1307 3.0
1308 0.0
1311 10.0
1314 6.0
1315 12.0
1316 10.0
1319 6.333333333333333
1321 2.0
1326 6.333333333333333
1330 5.0
1338 2.4
1341 2.5
1346 8.0
1348 3.0
1349 2.333333333333333
1358 4.5
1366 12.0
1369 16.0
1371 3.666666666666667
1372 8.0
1378 8.5
1379 6.0
1383 5.333333333333333
1396 12.0
1402 2.0
1403 4.0
1404 1.0
1408 11.0
1409 3.0
1411 4.5
1416 7.0
1423 4.0
1425 0.0
1440 2.0
1441 4.333333333333333
1445 5.333333333333333
1446 10.0
1447 3.5
1448 0.0
1459 8.0
1475 12.0
1483 14.0
1489 8.333333333333334
1490 6.0
1491 3.0
1501 4.333333333333333
1502 4.0
1504 5.0
1508 2.0
1513 1.0
1517 4.5
1518 10.0
1520 3.0
1523 10.0
1530 0.0
1531 12.5
1532 6.0
1535 3.0
1538 6.4
1544 2.0
1545 0.0
1549 6.0
1550 5.333333333333333
1558 7.5
1572 0.0
1582 4.5
1587 9.0
1589 0.0
1596 8.333333333333334
1599 7.0
1603 4.666666666666667
1607 10.25
1609 1.0
1614 1.0
1616 0.0
1625 8.25
1630 0.0
1634 1.0
1636 10.0
1638 6.0
1655 10.666666666666666
1656 24.0
1658 15.0
1660 6.5
1675 7.0
1676 9.0
1681 12.333333333333334
1684 18.0
1688 4.5
1692 10.0
1699 6.5
1707 5.0
1709 8.0
1716 8.0
1728 2.0
1730 0.0
1731 0.0
1737 5.0
1740 5.0
1741 8.0
1744 3.0
1749 2.25
1754 14.0
1762 11.0
1764 7.25
1765 2.0
1768 3.0
1777 6.0
1790 5.5
1810 8.0
1811 7.5
1812 0.0
1818 5.333333333333333
1819 6.0
1820 3.0
1822 5.0
1825 5.0
1826 5.0
1832 6.666666666666667
1836 6.0
1837 9.0
1839 10.0
1846 6.333333333333333
1847 7.0
1866 8.0
1867 6.0
1876 2.0
1885 10.0
1887 5.0
1888 14.25
1894 3.333333333333333
1900 8.5
1902 9.0
1908 1.0
1909 10.0
1910 3.0
1914 6.0
1918 3.0
1920 0.0
1922 3.0
1923 10.0
1928 0.0
1933 0.0
1944 4.333333333333333
1948 10.333333333333334
1949 5.0
1951 0.0
1980 5.5
1981 5.0
1985 3.0
1987 10.0
1996 15.0
1998 3.0
2000 3.0
2002 7.333333333333333
2005 13.0
2006 6.0
2007 18.0
2012 0.0
2014 11.333333333333332
2015 0.0
2019 3.0
2020 0.0
2023 6.0
2028 3.0
2037 8.0
2044 5.0
2046 2.0
2049 5.5
2058 4.666666666666667
2065 6.0
2068 5.0
2075 0.0
2076 5.25
2077 8.0
2086 5.0
2089 4.0
2090 5.0
2091 4.0
2092 3.25
2095 3.0
2113 8.0
2114 2.333333333333333
2115 4.0
2118 2.0
2126 18.0
2127 6.0
2134 4.0
2136 8.333333333333334

Avg. value is: 1.2503504672897197
