1 12.0
3 9.0
10 12.0
11 0.0
16 0.0
17 9.0
24 1.0
27 6.0
32 4.5
34 16.0
36 10.0
40 5.0
42 5.0
43 16.0
46 27.0
50 9.25
55 5.25
59 10.0
60 5.5
61 12.0
62 8.333333333333332
67 0.0
68 20.0
70 12.0
73 4.0
74 18.5
83 5.0
91 77.73333333333333
93 6.5
94 10.0
96 0.0
102 9.0
104 0.0
111 5.0
117 4.0
119 0.0
128 9.0
129 4.5
131 17.333333333333336
135 6.0
139 4.5
140 26.5
143 0.0
148 8.0
158 8.333333333333332
159 19.333333333333336
161 0.0
162 15.333333333333332
164 0.0
167 61.333333333333336
183 6.0
185 0.0
187 14.25
189 4.333333333333333
190 10.0
194 30.0
195 32.5
196 18.0
198 32.0
203 0.0
205 18.5
211 4.333333333333333
214 13.333333333333332
216 0.0
217 0.0
221 4.5
222 0.0
228 9.0
230 24.0
250 0.0
253 6.0
264 5.0
270 6.5
276 14.25
279 0.0
288 6.25
289 8.0
292 3.0
296 0.0
302 2.0
305 0.0
307 8.0
308 0.0
313 3.0
316 0.0
325 11.0
330 20.0
331 0.0
332 0.0
341 21.333333333333336
343 0.0
347 4.25
352 18.0
354 9.0
361 10.5
362 9.0
364 0.0
367 17.25
369 0.0
371 5.583333333333334
375 0.0
377 7.0
379 2.0
380 12.0
381 13.0
383 6.0
384 8.0
386 8.0
395 8.5
397 0.0
404 12.0
410 3.0
415 14.5
417 5.333333333333333
420 22.5
421 0.0
425 12.0
432 22.5
435 20.0
444 12.0
446 7.0
449 18.333333333333332
454 0.0
455 12.5
459 4.5
462 3.0
464 0.0
469 0.0
470 0.0
476 12.5
478 5.0
482 5.0
487 0.0
489 1.0
490 7.5
498 3.5
499 2.0
502 0.0
503 6.0
505 10.5
506 43.5
510 22.0
513 0.0
515 0.0
521 6.0
536 3.0
537 0.0
539 0.0
540 6.0
541 5.0
544 11.0
545 5.333333333333333
546 10.5
547 9.333333333333332
550 2.6666666666666665
555 0.0
556 3.0
560 7.0
562 8.0
563 6.0
565 12.5
569 29.0
571 103.85
574 17.333333333333332
576 5.0
582 0.0
586 8.0
594 3.0
604 7.0
608 0.0
611 11.0
615 12.0
616 19.25
625 6.0
630 16.5
635 4.0
636 11.0
637 7.5
638 8.0
643 18.5
645 0.0
647 0.0
649 9.0
652 5.0
654 1.0
656 2.0
658 9.333333333333334
662 8.0
664 3.333333333333333
670 17.0
672 15.0
676 0.0
678 14.0
680 0.0
687 12.0
690 6.333333333333333
696 24.0
697 9.0
704 4.25
711 126.0
719 9.333333333333334
721 8.0
725 4.0
726 18.333333333333332
732 8.5
734 6.0
735 0.0
737 32.0
739 10.0
744 10.0
747 14.0
752 31.833333333333332
756 0.0
757 49.5
768 9.0
769 9.5
774 0.0
775 8.25
776 9.333333333333334
790 0.0
792 24.0
796 24.333333333333336
797 10.0
800 2.0
804 7.0
805 26.0
810 7.5
820 3.0
822 6.0
828 6.0
829 5.0
845 35.0
847 0.0
851 11.333333333333332
854 12.0
857 4.5
859 10.0
864 5.333333333333333
865 7.333333333333333
869 4.0
871 12.25
884 0.0
888 10.5
890 49.333333333333336
894 0.0
899 5.5
906 6.0
907 4.0
908 8.0
917 10.333333333333334
919 5.0
920 8.0
922 15.333333333333332
923 5.0
925 18.0
926 67.2
942 11.0
944 14.333333333333334
946 4.666666666666667
950 5.0
963 3.3333333333333335
971 0.0
972 10.0
974 5.333333333333333
976 15.0
979 23.416666666666664
989 0.0
996 8.0
997 0.0
999 8.0
1006 3.0
1010 3.333333333333333
1014 55.0
1015 6.0
1016 16.5
1017 6.0
1018 17.5
1022 2.5
1028 11.0
1030 3.333333333333333
1031 0.0
1032 20.0
1035 39.0
1040 4.0
1043 6.0
1056 9.0
1062 2.5
1073 4.0
1079 4.0
1103 11.333333333333334
1105 5.166666666666667
1110 9.0
1116 2.5
1139 0.0
1145 0.0
1147 5.0
1148 0.0
1149 5.5
1154 4.0
1158 7.0
1167 8.0
1173 3.0
1180 15.0
1188 6.0
1191 31.0
1194 0.0
1195 7.0
1200 9.0
1208 4.0
1213 11.25
1216 3.3333333333333335
1219 6.666666666666667
1227 17.5
1229 9.0
1230 40.0
1233 3.0
1234 9.0
1235 0.0
1236 3.0
1238 32.0
1239 8.0
1241 21.0
1247 35.0
1249 126.5
1253 5.0
1254 8.0
1257 3.333333333333333
1259 15.5
1262 0.0
1269 7.5
1271 13.0
1275 2.0
1279 9.0
1286 32.0
1292 26.0
1295 2.0
1299 4.0
1300 4.0
1301 0.0
1307 3.0
1310 16.5
1311 0.0
1315 0.0
1316 0.0
1319 22.499999999999996
1321 12.0
1323 10.0
1325 16.333333333333332
1326 14.5
1329 15.5
1330 20.0
1332 5.5
1333 4.0
1338 17.0
1339 10.25
1341 4.5
1343 0.0
1345 22.666666666666668
1346 16.0
1348 10.0
1349 10.0
1356 0.0
1358 15.666666666666666
1366 0.0
1369 16.0
1370 0.0
1371 5.0
1372 8.0
1378 22.2
1379 0.0
1380 2.0
1383 8.333333333333334
1390 10.75
1396 122.75
1402 3.5
1403 4.0
1404 4.0
1408 70.5
1409 3.0
1411 8.5
1412 140.0
1416 0.0
1417 2.0
1420 82.25
1422 0.0
1423 3.0
1425 0.0
1427 13.0
1429 8.0
1432 0.0
1440 0.0
1441 11.666666666666666
1443 36.333333333333336
1444 70.0
1445 29.666666666666668
1447 14.0
1462 0.0
1468 0.0
1475 6.0
1477 33.0
1479 9.0
1480 8.0
1482 4.0
1491 7.0
1497 19.833333333333332
1501 4.333333333333333
1502 2.0
1504 22.0
1507 24.0
1508 2.0
1511 37.0
1517 16.5
1518 10.0
1520 3.0
1522 15.0
1523 0.0
1529 0.0
1530 0.0
1531 0.0
1532 6.0
1538 7.2
1544 2.0
1549 12.0
1550 19.0
1556 6.0
1558 6.333333333333333
1572 0.0
1582 22.0
1583 11.0
1586 11.0
1587 7.5
1588 0.0
1589 0.0
1593 0.0
1596 6.0
1599 0.0
1604 4.0
1607 23.0
1609 3.0
1614 1.0
1616 7.0
1625 9.0
1630 3.0
1634 2.0
1637 14.0
1645 21.166666666666668
1648 8.0
1654 5.333333333333333
1656 12.0
1658 21.0
1660 4.0
1665 19.5
1668 5.333333333333333
1672 6.333333333333333
1675 4.0
1676 8.0
1681 12.333333333333334
1683 0.0
1684 30.0
1687 4.0
1688 22.5
1691 0.0
1692 10.0
1693 3.5
1699 15.0
1707 10.0
1709 12.0
1713 0.0
1718 0.0
1723 8.0
1728 4.0
1730 14.5
1731 22.0
1737 8.5
1740 8.0
1741 8.25
1744 3.0
1746 0.0
1747 5.0
1749 5.0
1753 4.666666666666666
1755 18.5
1761 17.666666666666668
1762 19.0
1764 0.0
1768 3.0
1783 8.0
1786 39.0
1797 6.0
1805 5.5
1806 24.0
1810 0.0
1812 99.0
1815 7.0
1818 6.5
1819 3.0
1820 3.3333333333333335
1825 5.0
1826 5.0
1827 18.5
1837 0.0
1839 27.25
1841 7.0
1843 51.0
1845 15.666666666666666
1846 0.0
1866 18.5
1872 3.0
1876 2.0
1882 2.0
1885 18.2
1887 6.0
1900 8.5
1901 3.0
1902 9.5
1907 7.5
1908 1.0
1909 18.5
1910 0.0
1913 0.0
1914 5.25
1918 3.0
1920 66.0
1921 10.0
1922 3.0
1926 10.333333333333334
1928 5.0
1929 0.0
1933 28.0
1939 0.0
1941 0.0
1944 3.0
1945 3.0
1948 0.0
1949 5.0
1951 21.0
1975 10.0
1980 14.0
1981 5.0
1985 3.0
1991 14.0
1995 8.25
1996 15.0
1998 6.0
2000 0.0
2006 13.0
2014 7.0
2015 24.0
2020 0.0
2023 19.999999999999996
2026 43.75
2028 3.0
2029 39.333333333333336
2037 8.0
2044 6.0
2046 2.0
2049 5.25
2065 0.0
2067 21.333333333333336
2068 5.0
2070 5.0
2074 9.0
2075 0.0
2076 6.5
2077 6.333333333333333
2086 14.0
2089 16.0
2090 5.0
2091 4.0
2092 7.333333333333333
2099 0.0
2107 0.0
2111 9.833333333333332
2113 50.5
2114 5.0
2115 5.0
2118 4.0
2121 0.0
2126 34.5
2127 10.666666666666668
2130 7.0
2132 0.0
2134 12.0
2136 11.0

Avg. value is: 2.9645093457943914
